1
0.8639257223219884
0.8626564217970358
0.8613735801275703
0.8600769949642729
0.8587664591447333
0.8574417605241809
0.8561026817983275
0.8547490003178642
0.8533804878941174
0.8519969105953424
0.8505980285330983
0.8491835956380921
0.847753359424856
0.846307060744562
0.8448444335252243
0.8433652044984994
0.8418690929122103
0.840355810227678
0.8388250598008513
0.8372765365461594
0.835709926581924
0.8341249068560639
0.8325211447507349
0.8308982976644258
0.829256012569909
0.8275939255463074
0.8259116612833937
0.8242088325560616
0.8224850396667414
0.8207398698533149
0.8189728966598777
0.8171836792674334
0.8153717617813493
0.8135366724720843
0.8116779229653694
0.809795007377647
0.8078874013921509
0.8059545612705427
0.8039959227945028
0.8020109001310706
0.7999988846148874
0.7979592434397411
0.7958913182509796
0.793794423629411
0.7916678454562465
0.78951083914742
0.7873226277442453
0.7851023998457985
0.7828493073666232
0.7805624631013008
0.7782409380750717
0.7758837586569891
0.7734899034089595
0.771058299640409
0.7685878196341209
0.766077276503919
0.7635254196391645
0.7609309296843783
0.7582924129944525
0.755608395496691
0.7528773158799591
0.7500975180182465
0.7472672425204283
0.7443846172794079
0.7414476468715006
0.7384542006297996
0.7354019991824123
0.7322885992062715
0.7291113760978096
0.7258675042007845
0.7225539341556235
0.7191673668396303
0.7157042232476019
0.7121606095102576
0.708532276053085
0.7048145696466961
0.7010023767720829
0.6970900562929545
0.6930713588539565
0.6889393296523911
0.6846861901809442
0.6803031930896964
0.6757804422860763
0.6711066675028996
0.6662689383803695
0.6612522969264791
0.6560392778869262
0.6506092721140593
0.6449376650527001
0.638994644752986
0.6327435096447553
0.6261381923968545
0.6191195037258375
0.6116091795283873
0.6034999198626406
0.5946375223253142
0.5847857377944918
0.57354757545066
0.5601503462472571
0.5426029198418136
0.5000000000000002