1
0.9911067696793097
0.9907653251072832
0.9904111858731977
0.9900439013243116
0.9896630056677136
0.9892680174739381
0.988858439161974
0.9884337564646486
0.9879934378732924
0.987536934060522
0.9870636772798724
0.9865730807409301
0.9860645379585082
0.985537422074299
0.9849910851493109
0.9844248574252756
0.9838380465530678
0.9832299367860179
0.9825997881358446
0.9819468354887426
0.9812702876789676
0.9805693265170456
0.9798431057694941
0.979090750086691
0.9783113538752471
0.9775039801109213
0.976667659087791
0.9758013870990163
0.9749041250441214
0.9739747969572847
0.9730122884506172
0.9720154450658722
0.970983070527426
0.9699139248886948
0.9688067225634149
0.9676601302323881
0.9664727646153751
0.9652431900967949
0.9639699161927499
0.9626513948456115
0.961286017530969
0.9598721121601379
0.9584079397596004
0.9568916909067215
0.9553214818987629
0.953695350629606
0.9520112521456289
0.9502670538488032
0.9484605303112325
0.9465893576609495
0.9446511074937546
0.9426432402600864
0.9405630980692514
0.9384078968456264
0.9361747177625372
0.9338604978691445
0.9314620198135732
0.928975900551408
0.9263985789120661
0.9237263018760524
0.9209551093929852
0.918080817542898
0.9150989998106593
0.9120049662042707
0.9087937399008332
0.9054600310472122
0.9019982072735502
0.898402260393717
0.8946657686636048
0.8907818538408618
0.8867431321314767
0.8825416579108909
0.8781688588583381
0.8736154608272877
0.8688714003710647
0.8639257223219883
0.8587664591447335
0.8533804878941174
0.8477533594248562
0.8418690929122103
0.8357099265819238
0.8292560125699089
0.8224850396667411
0.8153717617813492
0.8078874013921507
0.7999988846148876
0.7916678454562466
0.7828493073666234
0.7734899034089596
0.7635254196391646
0.7528773158799591
0.7414476468715011
0.7291113760978094
0.715704223247602
0.701002376772083
0.684686190180944
0.6662689383803699
0.6449376650526997
0.6191195037258304
0.5847936642458302
0.5000000000000001