0.5
0.5084921567328844
0.5169809840787141
0.525463155696144
0.5339353513318641
0.5423942598559104
0.5508365822866277
0.5592590348018092
0.5676583517326048
0.5760312885368069
0.5843746247481638
0.5926851668984012
0.6009597514086755
0.6091952474472302
0.6173885597500834
0.6255366314016202
0.6336364465720374
0.6416850332086443
0.6496794656780953
0.657616867356708
0.6654944131660882
0.6733093320513731
0.6810589093994832
0.6887404893948587
0.6963514773102485
0.7038893417302132
0.7113516167050885
0.7187359038332635
0.7260398742697157
0.7332612706588439
0.7403979089897452
0.7474476803721728
0.7544085527315152
0.761278572421237
0.768055865751313
0.774738640431291
0.7813251869267092
0.7878138797276847
0.7942031785285855
0.8004916293177782
0.8066778653765323
0.8127606081862359
0.8187386682431559
0.8246109457800463
0.8303764313939657
0.8360342065797305
0.8415834441684787
0.8470234086708666
0.8523534565244513
0.8575730362448568
0.8626816884803277
0.8676790459693011
0.8725648334006302
0.87733886717609
0.8820010550747888
0.8865513958190884
0.8909899785416127
0.8953169821528928
0.8995326746091535
0.9036374120797026
0.9076316380133387
0.9115158821031328
0.9152907591488906
0.9189569678165435
0.9225152892936663
0.9259665858402721
0.9293117992339961
0.9325519491087512
0.9356881311859296
0.9387215153972291
0.9416533438982145
0.9444849289717903
0.9472176508208483
0.9498529552494971
0.9523923512324542
0.9548374083724211
0.9571897542455439
0.9594510716354204
0.9616230956565319
0.9637076107684683
0.9657064476828889
0.9676214801657997
0.9694546217384641
0.9712078222810577
0.9728830645440698
0.9744823605733972
0.9760077480561051
0.9774612865948895
0.9788450539204017
0.9801611420517253
0.9814116534164594
0.9825986969429805
0.9837243841385768
0.9847908251681692
0.9858001249493031
0.9867543792799187
0.9876556710161115
0.9885060663176183
0.9893076109790961
0.9900623268653856
0.9907722084688304