2345
0.5
0.5169809840787141
0.5339353513318641
0.5508365822866277
0.5676583517326048
0.5843746247481638
0.6009597514086755
0.6173885597500834
0.6336364465720374
0.6496794656780953
0.6654944131660882
0.6810589093994832
0.6963514773102485
0.7113516167050885
0.7260398742697157
0.7403979089897452
0.7544085527315152
0.768055865751313
0.7813251869267092
0.7942031785285855
0.8066778653765323
0.8187386682431559
0.8303764313939657
0.8415834441684787
0.8523534565244513
0.8626816884803277
0.8725648334006302
0.8820010550747888
0.8909899785416127
0.8995326746091535
0.9076316380133387
0.9152907591488906
0.9225152892936663
0.9293117992339961
0.9356881311859296
0.9416533438982145
0.9472176508208483
0.9523923512324542
0.9571897542455439
0.9616230956565319
0.9657064476828889
0.9694546217384641
0.9728830645440698
0.9760077480561051
0.9788450539204017
0.9814116534164594
0.9837243841385768
0.9858001249493031
0.9876556710161115
0.9893076109790961
0.9907722084688304
0.9920652902735112
0.9932021434222238
0.9941974232941841
0.9950650745810941
0.995818266533065
0.9964693434321683
0.9970297906957324
0.9975102164542433
0.9979203479171876
0.9982690413714714
0.9985643042799648
0.9988133276802313
0.9990225269319044
0.9991975888209619
0.9993435230871686
0.9994647165782625
0.9995649884293162
0.9996476448962668
0.9997155327189674
0.9997710901346284
0.9998163948944244
0.9998532088455507
0.9998830188228839
0.9999070737464358
0.9999264179431027
0.9999419208055538
0.9999543029702971
0.9999641592443719
0.9999719785392861
0.9999781610852166
0.9999830332013151
0.9999868598920492
0.9999898555273001
0.9999921928474712
0.9999940105157563
0.9999954194193095
0.9999965079002995
0.9999973460774898
0.999997989399552
0.9999984815531624
0.9999988568322403
0.9999991420595788
0.9999993581386005
0.9999995213010229
0.9999996441057531
0.9999997362352506
0.9999998051277805
0.9999998564773132
0.999999894627163
0.9999999228787045