1
0.7748821331910668
0.7780827098724116
0.781336954249292
0.784646220610466
0.7880119660137128
0.7914356738079346
0.7949188682322202
0.7984631610452041
0.8020702479600978
0.8057418100907343
0.8094796546898037
0.8132856521994902
0.8171617524160678
0.8211099317496124
0.8251323218213436
0.829231105614394
0.8334085511569044
0.837667032337005
0.8420090430493453
0.8464371239084735
0.850953996873378
0.8555624708743886
0.8602654677412305
0.8650660740411998
0.8699675216324805
0.8749731176723564
0.8800864568126618
0.8853111790057332
0.8906511980469745
0.896110517383218
0.9016934550561168
0.9074044757335628
0.9132482819876484
0.9192298291527092
0.9253543606098295
0.931627374501477
0.9380546592323412
0.9446423409759164
0.9513968614282545
0.9583251046733766
0.9654343146188425
0.97273210715442
0.9802266721983106
0.9879265771765587
0.9958410364458526
1.003979723122127
1.0123531590170747
1.0209722361011364
1.0298488553933465
1.0389956525536028
1.0484260514488917
1.0581545378217556
1.068196597608754
1.0785689330131822
1.0892894331733218
1.1003774142463876
1.1118537175756142
1.1237408609529773
1.1360632413853944
1.1488473673357775
1.1621219474521725
1.1759184878816535
1.1902709900908124
1.2052170707109295
1.220797726033111
1.2370582469231954
1.2540482769882044
1.2718228812620547
1.2904430809622283
1.309976739780201
1.3304995642805737
1.3520963987200363
1.37486253893548
1.398905661822228
1.424347562484249
1.4513271884864805
1.48000357418867
1.5105596343340135
1.5432070236610471
1.578192489869786
1.615805568690053
1.6563881305521058
1.7003479759576192
1.748175825427816
1.8004681048251465
1.857958656640525
1.9215610993678325
1.9924317624804966
2.0720576062250906
2.162388553084205
2.266042632062949
2.3866303388540113
2.529298457197064
2.701687592764348
2.9157341503818404
3.1913783324784903
3.565113503663094
4.113232505265377
5.033495889078241
7.112803856080819
-3.8841313672338527